1000
52.6
1100
59.7
1200
65.7
1300
70.8
1400
75.1
1500
78.9
1600
82.2
1700
85
1800
87.6
1900
90
2000
92
2100
93.9
2200
95.6
2300
97.2
2400
98.6
2500
99.9
2600
101.1
2700
102.2
2800
103.3
2900
104.3
3000
105.2
3100
106
3200
106.8
3300
107.5
3400
108.3
3500
108.9
3600
109.5
3700
110.1
3800
110.7
3900
111.2
4000
111.7
4100
112.2
4200
112.7
4300
113.1
4400
113.5
4500
113.9
4600
114.3
4700
114.3
4800
114.2
4900
114.1
5000
113.9
5100
113.6
5200
113.3
5300
113
5400
112.6
5500
112.1
5600
111.6
5700
111.1
5800
110.4
5900
109.7
6000
109
6100
108.3
6200
107.4
6300
106.5
6400
105.5
6500
104.6
6600
103.5
6700
101.5
6800
98.8