1000
238.8
1100
271.4
1200
298.5
1300
321.5
1400
341.2
1500
350
1600
350
1700
350
1800
350
1900
350
2000
350
2100
350
2200
350
2300
350
2400
350
2500
350
2600
350
2700
350
2800
350
2900
350
3000
350
3100
350
3200
350
3300
350
3400
350
3500
350
3600
350
3700
350
3800
350
3900
350
4000
350
4100
350
4200
350
4300
350
4400
350
4500
350
4600
350
4700
350
4800
350
4900
349.4
5000
347.4
5100
344.2
5200
339.7
5300
333.3
5400
327.1
5500
321.2
5600
315.5
5700
309.9
5800
304.6
5900
299.4
6000
294.4
6100
289.6
6200
284.9
6300
280.4
6400
276
6500
271.8
6600
266.6
6700
259.4
6800
250.4
6900
244.2
7000
238.9
7100
230.5
7200
225.3
7300
220.5
7400
223.5
7500
220.1