1000
100.2
1100
113.9
1200
125.3
1300
134.9
1400
143.2
1500
150.4
1600
156.6
1700
162.1
1800
167.1
1900
171.5
2000
175.4
2100
179
2200
182.2
2300
185.2
2400
187.9
2500
190.4
2600
192.8
2700
194.9
2800
196.9
2900
198.7
3000
200.5
3100
202.1
3200
203.6
3300
205
3400
206.4
3500
207.6
3600
208.8
3700
210
3800
211
3900
212
4000
213
4100
212.9
4200
212.6
4300
212
4400
211.3
4500
210.3
4600
209.2
4700
207.8
4800
206.2
4900
204.4
5000
202.3
5100
200.1
5200
196.5
5300
192.8
5400
189.2
5500
185.8
5600
182.5
5700
179.3
5800
176.2
5900
173.2
6000
170.3
6100
167.5
6200
164.8